confusion matrix : 
[[3749   23   99    4    2    3]
 [  80 4748  112   19   24   18]
 [ 137  122 4718    8   10    6]
 [  11    4    0 4984    0    2]
 [  30   51   39    0 2805    5]
 [   7   21    7   10    4 3496]]
-----------------------------------------------------------------
             precision    recall  f1-score   support

          1       0.93      0.97      0.95      3880
          2       0.96      0.95      0.95      5001
          3       0.95      0.94      0.95      5001
          4       0.99      1.00      0.99      5001
          5       0.99      0.96      0.97      2930
          6       0.99      0.99      0.99      3545

avg / total       0.97      0.97      0.97     25358

-----------------------------------------------------------------
accuracy: 0.966164524016
-----------------------------------------------------------------
